15.0 0.000001668
45.0 0.0000009027
70.0 0.0000005696
100.0 0.0000003503
130.0 0.0000002100
155.0 0.0000001506
190.0 0.00000009501
215.0 0.00000006473
245.0 0.00000004524
270.0 0.00000003005
300.0 0.00000002100
330.0 0.00000001468
360.0 0.00000001026
385.0 0.000000008149
415.0 0.000000005696
445.0 0.000000003881
470.0 0.000000002929
500.0 0.000000002100
530.0 0.000000001668
560.0 0.000000001325
585.0 0.0000000009261
615.0 0.0000000007547
645.0 0.0000000005275
670.0 0.0000000004524
700.0 0.0000000003244
730.0 0.0000000002644
760.0 0.0000000001848
790.0 0.0000000001545
820.0 0.0000000001108
845.0 0.00000000008360
875.0 0.00000000006473
900.0 0.00000000005696
930.0 0.00000000004524
960.0 0.00000000003082
990.0 0.00000000002712