15.0 0.0000008254
40.0 0.0000006391
65.0 0.0000004354
90.0 0.0000002966
115.0 0.0000002154
145.0 0.0000001468
170.0 0.00000009380
195.0 0.00000006391
220.0 0.00000004948
245.0 0.00000003162
275.0 0.00000002297
295.0 0.00000001668
320.0 0.00000001212
350.0 0.000000009380
375.0 0.000000005995
400.0 0.000000004354
425.0 0.000000003162
450.0 0.000000002297
475.0 0.000000001778
500.0 0.000000001468
530.0 0.0000000009380
555.0 0.0000000007263
580.0 0.0000000005623
605.0 0.0000000004948
630.0 0.0000000003594
660.0 0.0000000002783
685.0 0.0000000001896